0 0 0
100 0 0.5000000000000003
200 9.327869285263435e-37 1.000000000000001
367 1.760573840629868e-33 1.500999999999983
534 5.273538400968161e-31 2.001999999999965
774 9.096775722106672e-26 2.500999999999918
1024 4.383669136832214e-17 3.000999999999863
1274 3.638131560960834e-09 3.500999999999808
1524 0.01350365978140487 4.000999999999753
1774 6.651086735637432 4.500999999999698
2024 43.27016775745573 5.000999999999643
2274 15.02994355381712 5.500999999999588
2524 8.315856423461186 6.000999999999533
2774 6.687734253092083 6.500999999999478
3024 5.52803461581941 7.000999999999423
3274 4.802090033611947 7.500999999999368
3524 4.233957025674211 8.000999999999314
3774 3.694161114336624 8.500999999999481
4024 3.253354875289592 9.000999999999648
4274 3.179848214827087 9.500999999999815
4524 4.649014086858896 10.00099999999998
4774 31.13065066858991 10.50100000000015
5024 141.7075509347956 11.00100000000032
5274 69.08646044087452 11.50100000000048
5524 34.84631286815085 12.00100000000065
5774 5.84800747779342 12.50100000000082
6024 6.217654508215128 13.00100000000098
6274 8.785165853134156 13.50100000000115
6472 9.272482290232796 14.00100000000123
6639 10.61430001754934 14.50200000000124
6764 12.1846461864854 15.0030000000013
6864 14.33770846182911 15.50300000000138
6964 16.86963810494513 16.00300000000146
7064 20.04046232141595 16.50300000000136
7164 22.85043949102224 17.00300000000126
7264 25.32435330680486 17.50300000000116
7364 27.19128278918999 18.00300000000106
7464 28.14858449132273 18.50300000000096
7564 28.22849258587728 19.00300000000086
7664 27.66701621867893 19.50300000000076
7764 26.76307953306496 20.00300000000066
7839 25.71521742824331 20.50300250000068
7914 24.55284909849189 21.0030050000007
7964 23.39174429555779 21.49967170000077
8014 22.09969684940146 21.99967170000085
8064 20.78531652205117 22.49967170000093
8114 19.44390203382933 22.99967170000101
8164 18.36408747797448 23.49967170000109
8214 17.3285996693548 23.99967170000117
8264 16.28746185381163 24.49967170000124
8314 15.24162280862651 24.99967170000132
8364 14.19817967821698 25.4996717000014
8414 13.29111537525807 25.99967170000148
8464 12.76953859931659 26.49967170000156
8514 12.23979037136752 26.99967170000163
8564 11.76227892863581 27.49967170000171
8614 11.26231175785904 27.99967170000179
8664 10.7726883317689 28.49967170000187
8714 10.26263199934645 28.99967170000195
8764 9.796429668289591 29.49967170000203
8814 9.284577498362033 29.9996717000021
8864 8.738065760910665 30.49967170000218
8900 8.153465510509012 31.00967170000221
8925 7.554577263143306 31.5096717000022
8950 6.962740394629222 32.00967170000219
8975 6.40262450372488 32.50967170000227
9000 5.904317087880677 33.00967170000234
9025 5.458071724560369 33.50967170000242
9050 5.024687521279414 34.0096717000025
9075 4.610356083342024 34.50967170000258
9100 4.214213601114539 35.00967170000266
9125 3.831851607521402 35.50967170000273
9150 3.483422305168673 36.00967170000281
9175 3.183041055460466 36.50967170000289
9200 2.907838252850415 37.00967170000297
9225 2.667338904604144 37.50967170000305
9250 2.459272241666324 38.00967170000312
9275 2.276140265243534 38.5096717000032
9300 2.107941383555198 39.00967170000328
9325 1.956838380194701 39.50967170000336
9350 1.827932558271632 40.00007170000343
