0 0 0
100 0 0.5000000000000003
200 0 1.000000000000001
367 0 1.500999999999983
534 0 2.001999999999965
774 0 2.500999999999918
1024 0 3.000999999999863
1274 0 3.500999999999808
1524 0 4.000999999999753
1774 8.189492373089187e-38 4.500999999999698
2024 3.766449109625733e-28 5.000999999999643
2274 2.815767322752688e-20 5.500999999999588
2524 4.092793927036721e-14 6.000999999999533
2774 1.245169933684832e-06 6.500999999999478
3024 0.0373461369341496 7.000999999999423
3274 4.657243193758106 7.500999999999368
3524 111.2228224317963 8.000999999999314
3774 1343.458756356353 8.500999999999481
4024 2768.230362803925 9.000999999999648
4274 3304.394294009494 9.500999999999815
4524 3457.688420797782 10.00099999999998
4774 3398.50454101386 10.50100000000015
5024 3193.165292343363 11.00100000000032
5274 2906.897038394187 11.50100000000048
5524 2618.777278738942 12.00100000000065
5774 2365.034342657775 12.50100000000082
6024 2147.383715204288 13.00100000000098
6274 1956.396812196646 13.50100000000115
6472 1792.092491161587 14.00100000000123
6639 1651.121564967514 14.50200000000124
6764 1540.542047647263 15.0030000000013
6864 1444.77906216393 15.50300000000138
6964 1363.956774055342 16.00300000000146
7064 1296.847005450121 16.50300000000136
7164 1241.20123736808 17.00300000000126
7264 1190.584662290125 17.50300000000116
7364 1143.978158987944 18.00300000000106
7464 1099.598709495988 18.50300000000096
7564 1056.890399199023 19.00300000000086
7664 1015.143455245951 19.50300000000076
7764 974.4007431859876 20.00300000000066
7839 937.0327552171358 20.50300250000068
7914 898.6104752737243 21.0030050000007
7964 867.4038570257741 21.49967170000077
8014 834.2334967187439 21.99967170000085
8064 801.9123440708615 22.49967170000093
8114 769.9760273679797 22.99967170000101
8164 738.4129938004454 23.49967170000109
8214 707.5661539932937 23.99967170000117
8264 678.2493054168865 24.49967170000124
8314 650.1945890943098 24.99967170000132
8364 623.2676846911704 25.4996717000014
8414 597.8047904543413 25.99967170000148
8464 573.6166986998991 26.49967170000156
8514 550.1597107207126 26.99967170000163
8564 528.1756593609418 27.49967170000171
8614 508.1426658004544 27.99967170000179
8664 488.8400221008709 28.49967170000187
8714 470.5863755421043 28.99967170000195
8764 453.3505324308061 29.49967170000203
8814 436.9856739840254 29.9996717000021
8864 421.1657377028699 30.49967170000218
8900 406.5908897603272 31.00967170000221
8925 391.3348843934888 31.5096717000022
8950 376.7972805497516 32.00967170000219
8975 362.9017783760489 32.50967170000227
9000 349.7196556788516 33.00967170000234
9025 337.3323118676059 33.50967170000242
9050 325.8692695216806 34.0096717000025
9075 315.349878962528 34.50967170000258
9100 305.4128544782017 35.00967170000266
9125 295.7733691719873 35.50967170000273
9150 286.6622633386365 36.00967170000281
9175 278.0199623618215 36.50967170000289
9200 269.6258511592931 37.00967170000297
9225 261.7335475449717 37.50967170000305
9250 254.4402620807925 38.00967170000312
9275 247.4587054491702 38.5096717000032
9300 240.7100661925085 39.00967170000328
9325 234.2538330013945 39.50967170000336
9350 228.4713454123466 40.00007170000343
