0 0.03368496522307396 0
100 0.03475013375282288 0.5000000000000003
200 0.03754395991563797 1.000000000000001
300 0.03914901614189148 1.49999999999999
400 0.03887118026614189 1.999999999999979
500 0.03769582509994507 2.499999999999969
600 0.03650714084506035 2.999999999999958
700 0.03534488379955292 3.499999999999948
800 0.03460610657930374 3.999999999999937
900 0.03452321141958237 4.499999999999926
1000 0.03465058654546738 4.999999999999916
1100 0.03465963527560234 5.499999999999905
1200 0.03473607450723648 5.999999999999894
1300 0.03464499488472939 6.499999999999884
1400 0.03423136100172997 6.999999999999873
1500 0.03351153060793877 7.499999999999862
1600 0.03267278894782066 7.999999999999852
1700 0.03178348019719124 8.499999999999929
1800 0.03118572011590004 9.000000000000007
1900 0.0312875509262085 9.500000000000085
2000 0.03128846734762192 10.00000000000016
2100 0.0311950221657753 10.50000000000024
2200 0.03101135976612568 11.00000000000032
2300 0.03075520321726799 11.5000000000004
2400 0.03038455732166767 12.00000000000048
2500 0.03075794689357281 12.50000000000055
2600 0.03116020560264587 13.00000000000063
2700 0.03136041015386581 13.50000000000071
2800 0.02575111761689186 14.00000000000079
2900 0.02605034038424492 14.50000000000087
3000 0.03984565287828445 15.00000000000095
3100 0.05268540233373642 15.50000000000102
3200 0.06212382763624191 16.0000000000011
3300 0.06893215328454971 16.500000000001
3400 0.07681674510240555 17.0000000000009
3500 0.08640302717685699 17.5000000000008
3600 0.096689373254776 18.0000000000007
3700 0.08994177728891373 18.5000000000006
3800 0.0963745042681694 19.0000000000005
3900 0.1004051342606544 19.50000000000041
4000 0.1002857536077499 20.00000000000031
4100 0.1015316843986511 20.50000000000021
4200 0.104899175465107 21.00000000000011
4274 0.1080828383564949 21.50069722447529
4337 0.1123532429337502 21.9992640213579
4397 0.1164398640394211 22.50020781666121
4482 0.1195677295327187 23.00355875254301
4545 0.1221891418099403 23.5055688021159
4606 0.1214446872472763 24.00325747884374
4665 0.1180163770914078 24.50538273268184
4724 0.116420641541481 25.00172388988877
4784 0.1164660304784775 25.50620685023778
4843 0.1160105392336845 26.00604142990592
4903 0.1169059500098228 26.50008470926484
4964 0.1207950785756111 27.00091833182875
5024 0.1240367293357849 27.50458236245793
5082 0.1268687099218369 28.0003547941792
5141 0.1337412744760513 28.50650449030954
5200 0.1430860906839371 29.00553811747871
5258 0.1465861946344376 29.4995489205467
5318 0.1452429741621017 30.00116951271561
5378 0.1413627117872238 30.50284252747718
5437 0.1377933919429779 31.00140173561624
5497 0.1395875513553619 31.50643371003146
5569 0.1381026953458786 32.0001344257892
5659 0.1371403187513351 32.50123829019577
5716 0.1358625888824463 33.00624640738844
5786 0.1350961178541183 33.50036217626769
5880 0.1346393078565598 34.00401519331501
