0 0.005507404029720792 0
100 0.005562452046323888 0.5000000000000003
200 0.005555535269480286 1.000000000000001
300 0.005561311511978139 1.49999999999999
400 0.00557146198370031 1.999999999999979
500 0.005579643547450054 2.499999999999969
600 0.005582258076363192 2.999999999999958
700 0.005576338123952143 3.499999999999948
800 0.005562149841753481 3.999999999999937
900 0.005539243313610228 4.499999999999926
1000 0.005506129809773525 4.999999999999916
1100 0.00545919132788893 5.499999999999905
1200 0.005404900672810269 5.999999999999894
1300 0.005336531045274343 6.499999999999884
1400 0.005263021853785358 6.999999999999873
1500 0.005181619418421641 7.499999999999862
1600 0.005088944597996613 7.999999999999852
1700 0.00498138546493167 8.499999999999929
1800 0.004858824205197874 9.000000000000007
1900 0.004741309431054868 9.500000000000085
2000 0.004624997628174334 10.00000000000016
2100 0.004537583435170042 10.50000000000024
2200 0.004457136646743939 11.00000000000032
2300 0.004382551089781193 11.5000000000004
2400 0.004309250168070869 12.00000000000048
2500 0.004242140153727788 12.50000000000055
2600 0.004194320780805727 13.00000000000063
2700 0.004166860729639613 13.50000000000071
2800 0.005136036901114738 14.00000000000079
2900 0.005191803977095174 14.50000000000087
3000 0.005290088462784569 15.00000000000095
3100 0.005438285852295529 15.50000000000102
3200 0.005629630202413194 16.0000000000011
3300 0.005874431921531932 16.500000000001
3400 0.006277553434490876 17.0000000000009
3500 0.006773655911848848 17.5000000000008
3600 0.00736718588984306 18.0000000000007
3700 0.009545988125844639 18.5000000000006
3800 0.01002324605039151 19.0000000000005
3900 0.01052422310090661 19.50000000000041
4000 0.01099946811105245 20.00000000000031
4100 0.01143284313389602 20.50000000000021
4200 0.01184470169794846 21.00000000000011
4274 0.01225566465451066 21.50069722447529
4337 0.01273100706638403 21.9992640213579
4397 0.01337790362886796 22.50020781666121
4482 0.01423211129900624 23.00355875254301
4545 0.0153720725475582 23.5055688021159
4606 0.0164832196027545 24.00325747884374
4665 0.01734293451715188 24.50538273268184
4724 0.01789042286225754 25.00172388988877
4784 0.01817984462546064 25.50620685023778
4843 0.01828478561587722 26.00604142990592
4903 0.01826542556768452 26.50008470926484
4964 0.01815086669485683 27.00091833182875
5024 0.0179589881305743 27.50458236245793
5082 0.01770351622582202 28.0003547941792
5141 0.01743784772059552 28.50650449030954
5200 0.01722558836019449 29.00553811747871
5258 0.01707331805086397 29.4995489205467
5318 0.01697045327667897 30.00116951271561
5378 0.01691875423393337 30.50284252747718
5437 0.01691351382782099 31.00140173561624
5497 0.01695263838647328 31.50643371003146
5569 0.01702961656916838 32.0001344257892
5659 0.01711902782501615 32.50123829019577
5716 0.01724405418739529 33.00624640738844
5786 0.01736672557812439 33.50036217626769
5880 0.017494872330625 34.00401519331501
