0 0.02379149610483105 0
100 0.02430525092550182 0.5000000000000003
200 0.02431652632259797 1.000000000000001
300 0.02433273690947592 1.49999999999999
400 0.02435142295178216 1.999999999999979
500 0.02436989860178257 2.499999999999969
600 0.02438886450655341 2.999999999999958
700 0.02440940747346933 3.499999999999948
800 0.02442929210555085 3.999999999999937
900 0.02444789073567662 4.499999999999926
1000 0.02446528221349344 4.999999999999916
1100 0.024482223380039 5.499999999999905
1200 0.0244970080685578 5.999999999999894
1300 0.02451140449426536 6.499999999999884
1400 0.02452384564186245 6.999999999999873
1500 0.02453436663698129 7.499999999999862
1600 0.02454376378750693 7.999999999999852
1700 0.0245524562537145 8.499999999999929
1800 0.02456049981405573 9.000000000000007
1900 0.02456764334394236 9.500000000000085
2000 0.02457481517986246 10.00000000000016
2100 0.02458038469443918 10.50000000000024
2200 0.02458507496524697 11.00000000000032
2300 0.02458790472583508 11.5000000000004
2400 0.02458757623883224 12.00000000000048
2500 0.02458209192778896 12.50000000000055
2600 0.02457024207117476 13.00000000000063
2700 0.0245484579278538 13.50000000000071
2800 0.02435557327470911 14.00000000000079
2900 0.02430228048654514 14.50000000000087
3000 0.02419843922810242 15.00000000000095
3100 0.02434239265425301 15.50000000000102
3200 0.02604385883610796 16.0000000000011
3300 0.02696977515897822 16.500000000001
3400 0.02741102828824036 17.0000000000009
3500 0.02762430067244899 17.5000000000008
3600 0.02767656557391988 18.0000000000007
3700 0.0289572195399342 18.5000000000006
3800 0.02877678213631154 19.0000000000005
3900 0.0286589302805223 19.50000000000041
4000 0.02859841153955436 20.00000000000031
4100 0.0286019378335814 20.50000000000021
4200 0.02867510214370134 21.00000000000011
4274 0.02881142655137793 21.50069722447529
4337 0.02901406944056954 21.9992640213579
4397 0.02929062031515325 22.50020781666121
4482 0.0296098138112459 23.00355875254301
4545 0.03001324401242678 23.5055688021159
4606 0.03047230502916157 24.00325747884374
4665 0.03098159202196374 24.50538273268184
4724 0.03153197614219304 25.00172388988877
4784 0.03211761662880623 25.50620685023778
4843 0.03273640744420421 26.00604142990592
4903 0.0333608222371895 26.50008470926484
4964 0.03400825272451678 27.00091833182875
5024 0.03466974463847607 27.50458236245793
5082 0.03534851276792216 28.0003547941792
5141 0.03602324334960383 28.50650449030954
5200 0.0366612837752868 29.00553811747871
5258 0.0372565717291983 29.4995489205467
5318 0.03782723126679897 30.00116951271561
5378 0.03837623370918738 30.50284252747718
5437 0.03891609640205098 31.00140173561624
5497 0.03944809752845439 31.50643371003146
5569 0.03992642247246529 32.0001344257892
5659 0.04030660748320648 32.50123829019577
5716 0.04071572117913234 33.00624640738844
5786 0.04113203946896835 33.50036217626769
5880 0.04156054203587491 34.00401519331501
