0 0.04020900279283524 0
100 0.04291560500860214 0.5000000000000003
200 0.04317426308989525 1.000000000000001
300 0.04368706047534943 1.49999999999999
400 0.04438763111829758 1.999999999999979
500 0.04497021809220314 2.499999999999969
600 0.04545624926686287 2.999999999999958
700 0.04585937038064003 3.499999999999948
800 0.04615699499845505 3.999999999999937
900 0.04637378454208374 4.499999999999926
1000 0.04653521254658699 4.999999999999916
1100 0.04666208848357201 5.499999999999905
1200 0.04675217345356941 5.999999999999894
1300 0.04681989178061485 6.499999999999884
1400 0.04686412215232849 6.999999999999873
1500 0.04689436405897141 7.499999999999862
1600 0.04691650345921516 7.999999999999852
1700 0.04693290218710899 8.499999999999929
1800 0.04694472998380661 9.000000000000007
1900 0.04695092514157295 9.500000000000085
2000 0.04695151373744011 10.00000000000016
2100 0.04694722965359688 10.50000000000024
2200 0.04694711789488792 11.00000000000032
2300 0.04697299748659134 11.5000000000004
2400 0.04699946194887161 12.00000000000048
2500 0.0470297709107399 12.50000000000055
2600 0.0470602847635746 13.00000000000063
2700 0.04708949849009514 13.50000000000071
2800 0.04605061188340187 14.00000000000079
2900 0.04613697901368141 14.50000000000087
3000 0.04615738242864609 15.00000000000095
3100 0.0460258387029171 15.50000000000102
3200 0.0777929276227951 16.0000000000011
3300 0.08795353025197983 16.500000000001
3400 0.09084124118089676 17.0000000000009
3500 0.09562941640615463 17.5000000000008
3600 0.09761019796133041 18.0000000000007
3700 0.09566985070705414 18.5000000000006
3800 0.09536515176296234 19.0000000000005
3900 0.0955643430352211 19.50000000000041
4000 0.09616789966821671 20.00000000000031
4100 0.09717915952205658 20.50000000000021
4200 0.09981287270784378 21.00000000000011
4274 0.1040593758225441 21.50069722447529
4337 0.1073925644159317 21.9992640213579
4397 0.110777959227562 22.50020781666121
4482 0.1144668683409691 23.00355875254301
4545 0.1228130683302879 23.5055688021159
4606 0.127957358956337 24.00325747884374
4665 0.1309757232666016 24.50538273268184
4724 0.1329102069139481 25.00172388988877
4784 0.1358537673950195 25.50620685023778
4843 0.138499915599823 26.00604142990592
4903 0.1404434144496918 26.50008470926484
4964 0.1427306979894638 27.00091833182875
5024 0.145775318145752 27.50458236245793
5082 0.1484721004962921 28.0003547941792
5141 0.1507944613695145 28.50650449030954
5200 0.1524965912103653 29.00553811747871
5258 0.1531787812709808 29.4995489205467
5318 0.1535345315933228 30.00116951271561
5378 0.1551516652107239 30.50284252747718
5437 0.1564205884933472 31.00140173561624
5497 0.1572215110063553 31.50643371003146
5569 0.1575694382190704 32.0001344257892
5659 0.1575985997915268 32.50123829019577
5716 0.1584571599960327 33.00624640738844
5786 0.1591725498437881 33.50036217626769
5880 0.1596214473247528 34.00401519331501
