0 0 0
100 0 0.5000000000000003
200 8.549877528163624e-37 1.000000000000001
300 1.605654360865271e-33 1.49999999999999
400 4.150116857490289e-31 1.999999999999979
500 5.085355055135942e-29 2.499999999999969
600 1.871324546986652e-26 2.999999999999958
700 1.082432114751297e-23 3.499999999999948
800 6.146426572731763e-21 3.999999999999937
900 4.320514294035798e-18 4.499999999999926
1000 2.509879476292748e-15 4.999999999999916
1100 6.827934608111732e-13 5.499999999999905
1200 6.491707466447611e-11 5.999999999999894
1300 8.751441991106336e-09 6.499999999999884
1400 2.334780886983057e-06 6.999999999999873
1500 0.0002154375256563889 7.499999999999862
1600 0.008842982266817238 7.999999999999852
1700 0.1386840743193299 8.499999999999929
1800 0.4524104809593378 9.000000000000007
1900 1.663426876718275 9.500000000000085
2000 3.999980145680262 10.00000000000016
2100 6.925407449685506 10.50000000000024
2200 6.203615021170716 11.00000000000032
2300 2.927936489002622 11.5000000000004
2400 1.404888569593836 12.00000000000048
2500 0.8125744908745858 12.50000000000055
2600 0.6064896090694757 13.00000000000063
2700 0.8540289174370765 13.50000000000071
2800 1.057858519306616 14.00000000000079
2900 1.161091872780258 14.50000000000087
3000 1.172972098036692 15.00000000000095
3100 1.128173891925338 15.50000000000102
3200 1.11879100656348 16.0000000000011
3300 1.075117136334792 16.500000000001
3400 1.1061133781073 17.0000000000009
3500 1.236390695339474 17.5000000000008
3600 1.522492839944798 18.0000000000007
3700 2.08589885721417 18.5000000000006
3800 3.229555686687562 19.0000000000005
3900 5.684477111054298 19.50000000000041
4000 12.21897363184172 20.00000000000031
4100 27.02016320470771 20.50000000000021
4200 47.38112616264402 21.00000000000011
4300 54.48126019571839 21.50000000000001
4400 48.80774838136838 21.99999999999991
4500 29.46905603727793 22.49999999999981
4600 15.30473149984193 22.99999999999971
4700 10.78284844790964 23.49999999999961
4800 8.276314824215927 23.99999999999951
4900 6.020397015283217 24.49999999999941
5000 4.985782652434201 24.99999999999931
5100 4.727208508983912 25.49999999999921
5200 4.747370760606819 25.99999999999911
5300 4.684169206331768 26.49999999999901
5400 4.469480082252135 26.99999999999891
5500 4.252336262368608 27.49999999999881
5600 4.073762451313624 27.99999999999871
5700 3.956553000917699 28.49999999999861
5800 3.879485857175366 28.99999999999851
5900 3.814932258073467 29.49999999999842
6000 3.768873013142642 29.99999999999832
6100 3.732917598435822 30.49999999999822
6200 3.71325638699341 30.99999999999812
6300 3.688867291012862 31.49999999999802
6398 3.639935072424525 32.00128472523724
6500 3.594563991726046 32.50192227524439
6602 3.554497383998912 33.00262383061796
6693 3.499713910229968 33.50081501062097
6788 3.452970247887316 34.00030280634576
6888 3.41292952658458 34.50409895915607
6991 3.382181009313348 35.0018584432671
7098 3.369351324741918 35.49993266759224
7209 3.367873814538183 36.00024053299209
7323 3.389934973413443 36.50053793522466
7440 3.431257838568636 37.00301965749946
7558 3.492722963358449 37.5013585381756
7678 3.577778750231737 38.0021287801236
7799 3.682029289272136 38.50323714274463
7911 3.795512050749559 39.00061665109097
8023 3.927883754828448 39.50049685709164
8135 4.074034119308378 40
