0 0 0
100 0 0.5000000000000003
200 0 1.000000000000001
300 0 1.49999999999999
400 0 1.999999999999979
500 0 2.499999999999969
600 0 2.999999999999958
700 0 3.499999999999948
800 0 3.999999999999937
900 0 4.499999999999926
1000 0 4.999999999999916
1100 0 5.499999999999905
1200 0 5.999999999999894
1300 0 6.499999999999884
1400 0 6.999999999999873
1500 0 7.499999999999862
1600 2.114080875293168e-39 7.999999999999852
1700 1.020068151255263e-36 8.499999999999929
1800 2.686430275955101e-34 9.000000000000007
1900 5.612650800236705e-32 9.500000000000085
2000 9.892120615736373e-30 10.00000000000016
2100 1.486965101419728e-27 10.50000000000024
2200 2.459986998036005e-25 11.00000000000032
2300 8.199057554352015e-23 11.5000000000004
2400 2.996286617331711e-20 12.00000000000048
2500 7.083344362788433e-18 12.50000000000055
2600 1.296450396346702e-15 13.00000000000063
2700 2.744248026987423e-13 13.50000000000071
2800 2.048267425131526e-09 14.00000000000079
2900 0.0001044926562256173 14.50000000000087
3000 0.07109840093904646 15.00000000000095
3100 0.5571550990995496 15.50000000000102
3200 0.7421741057159972 16.0000000000011
3300 1.341813054973527 16.500000000001
3400 3.124929469941888 17.0000000000009
3500 9.231523661825248 17.5000000000008
3600 25.35830478083923 18.0000000000007
3700 55.02544563099679 18.5000000000006
3800 99.04413866706101 19.0000000000005
3900 153.1937869143113 19.50000000000041
4000 211.1232904856229 20.00000000000031
4100 267.6450587869961 20.50000000000021
4200 318.6695349402307 21.00000000000011
4300 363.3252394989965 21.50000000000001
4400 403.1280556503294 21.99999999999991
4500 437.4586560154773 22.49999999999981
4600 466.6170039593699 22.99999999999971
4700 492.1237162285344 23.49999999999961
4800 513.0101082518306 23.99999999999951
4900 528.3911423858559 24.49999999999941
5000 538.7770335586263 24.99999999999931
5100 544.7203074619209 25.49999999999921
5200 545.9180094693562 25.99999999999911
5300 543.0459640741994 26.49999999999901
5400 536.814387828596 26.99999999999891
5500 527.6579428020052 27.49999999999881
5600 516.8337029944926 27.99999999999871
5700 505.3251533186894 28.49999999999861
5800 493.1156871840808 28.99999999999851
5900 480.2694272531128 29.49999999999842
6000 467.1341399273285 29.99999999999832
6100 454.4687923424636 30.49999999999822
6200 441.8149035026731 30.99999999999812
6300 429.8082207058756 31.49999999999802
6398 417.917522075653 32.00128472523724
6500 406.3257416082143 32.50192227524439
6602 394.9848242136966 33.00262383061796
6693 383.540702157651 33.50081501062097
6788 372.4054230007115 34.00030280634576
6888 361.3013397671971 34.50409895915607
6991 350.2728487333906 35.0018584432671
7098 339.0419005032668 35.49993266759224
7209 327.4547187058976 36.00024053299209
7323 315.7565616095613 36.50053793522466
7440 303.9297722383365 37.00301965749946
7558 292.4506993076401 37.5013585381756
7678 281.2251407319033 38.0021287801236
7799 270.7032661358974 38.50323714274463
7911 260.6391624594576 39.00061665109097
8023 251.251356247071 39.50049685709164
8135 242.647407711083 40
