0 0.005507404029720792 0
125 0.005562973454462369 0.5000000000000003
250 0.005557129805380885 1.000000000000001
375 0.005566744951064679 1.500000000000001
500 0.005583430986032016 2.000000000000001
625 0.005594394635529919 2.500000000000002
750 0.005578633684380226 3.000000000000002
875 0.005501686982914736 3.500000000000003
1000 0.005325224222776161 4.000000000000003
1125 0.005096698725375386 4.499999999999948
1250 0.004982488844894424 4.999999999999893
1375 0.00492232685650414 5.499999999999837
1500 0.005093105889848484 5.999999999999782
1625 0.006764531852425267 6.499999999999727
1750 0.007121748638760625 6.999999999999672
1875 0.00753675417688751 7.499999999999617
2000 0.007861290671434403 7.999999999999562
2125 0.008127758038018094 8.499999999999508
2250 0.008442004097831487 8.999999999999453
2375 0.00879786291849729 9.499999999999398
2500 0.01058024983745155 9.999999999999343
2625 0.01112142171025959 10.49999999999929
2750 0.01199617560997618 10.99999999999923
2875 0.01363161836099892 11.49999999999918
3000 0.01472483957742502 11.99999999999912
3125 0.01449416429224148 12.49999999999907
3250 0.01368360490148321 12.99999999999901
3375 0.01285224035708338 13.49999999999896
3500 0.01227191007460017 13.9999999999989
3625 0.01202287376380752 14.49999999999885
3750 0.01202088733157525 14.99999999999879
3875 0.01218175691163612 15.49999999999874
4000 0.01245242251969424 15.99999999999868
4125 0.01276145034422299 16.49999999999885
4250 0.01300009274460626 16.99999999999902
4318 0.0134160810781915 17.5036824398883
4375 0.01397966636469647 18.00107806713967
4450 0.01453778152895996 18.5049811449088
4525 0.01498175895199819 19.00329839980429
4580 0.01533795095058784 19.50769250638338
4632 0.01557439750846757 20.00636785538137
4681 0.01572521451203075 20.50328173494986
4727 0.01579412927930475 21.00017272885496
4787 0.01581766306685218 21.50456064908748
4845 0.0158194260391702 22.00535304217292
4897 0.01579956488646593 22.50601966443747
4937 0.01574491259191536 23.00850378455828
4976 0.01565366337311875 23.50317076439037
5015 0.01554045621971056 23.99930924081097
5055 0.01539520429305482 24.50998944047609
5094 0.01526807329251882 25.00934859024593
5133 0.0151540856157477 25.50990449649242
5172 0.01503746262808397 26.01136868580425
5210 0.01492402306825526 26.50055235181387
5249 0.01481039408817319 27.00291433906655
5288 0.01470153925844961 27.50497722776058
5327 0.01459864628743436 28.00675212627695
5366 0.01450184048559878 28.50827669750522
5405 0.01441033817521577 29.00954223593446
5444 0.0143234752922775 29.51056176093631
5483 0.01424082447368577 30.011355632712
5521 0.01416366625617908 30.49911036025107
5560 0.0140879310311293 30.99951118941544
5599 0.01401523719467675 31.49973070422692
5638 0.01394610499786849 31.99978467689521
5677 0.01388165898783097 32.49970040011129
5716 0.01382207298999182 32.99947855873027
5755 0.01376714246888696 33.49911952530857
5795 0.01371654794567238 34.01143087614859
