0 0.02379149610483105 0
125 0.0243054985845405 0.5000000000000003
250 0.02431701431198677 1.000000000000001
375 0.02433614590272079 1.500000000000001
500 0.02435965210441558 2.000000000000001
625 0.0243881233485821 2.500000000000002
750 0.02442162147481873 3.000000000000002
875 0.02445821674816063 3.500000000000003
1000 0.02449171132230553 4.000000000000003
1125 0.02451785837619766 4.499999999999948
1250 0.02453111477693311 4.999999999999893
1375 0.02452328651508199 5.499999999999837
1500 0.02447543206998258 5.999999999999782
1625 0.02423469686991865 6.499999999999727
1750 0.024027369484564 6.999999999999672
1875 0.02551436923972633 7.499999999999617
2000 0.02945300912191619 7.999999999999562
2125 0.03138803199784419 8.499999999999508
2250 0.03263180586091579 8.999999999999453
2375 0.03437186340431072 9.499999999999398
2500 0.04256892402681235 9.999999999999343
2625 0.0469785136399077 10.49999999999929
2750 0.05257185419068842 10.99999999999923
2875 0.05856743790345116 11.49999999999918
3000 0.06419591770954305 11.99999999999912
3125 0.06943134533849396 12.49999999999907
3250 0.07392552409089244 12.99999999999901
3375 0.07783680735573771 13.49999999999896
3500 0.08117167835976291 13.9999999999989
3625 0.08364362634470762 14.49999999999885
3750 0.08517333627128562 14.99999999999879
3875 0.0861634213580169 15.49999999999874
4000 0.08679800791248245 15.99999999999868
4125 0.08720926480299575 16.49999999999885
4250 0.0874186601766143 16.99999999999902
4318 0.08759389841105908 17.5036824398883
4375 0.08749427307921427 18.00107806713967
4450 0.08721081191206446 18.5049811449088
4525 0.08688946344128266 19.00329839980429
4580 0.08647645836183633 19.50769250638338
4632 0.08604669651711891 20.00636785538137
4681 0.08565294907350594 20.50328173494986
4727 0.08541472325012835 21.00017272885496
4787 0.08540414594695862 21.50456064908748
4845 0.0855665127945027 22.00535304217292
4897 0.08586572536567746 22.50601966443747
4937 0.08629178595369251 23.00850378455828
4976 0.08674408642227965 23.50317076439037
5015 0.08717259667149596 23.99930924081097
5055 0.08764335639543475 24.50998944047609
5094 0.08803365877965479 25.00934859024593
5133 0.08838720303784733 25.50990449649242
5172 0.08875176655119679 26.01136868580425
5210 0.08911375007382105 26.50055235181387
5249 0.08948654839960528 27.00291433906655
5288 0.08985243144512296 27.50497722776058
5327 0.09020281368489541 28.00675212627695
5366 0.09052924658832751 28.50827669750522
5405 0.09082624462721303 29.00954223593446
5444 0.09108872773364984 29.51056176093631
5483 0.0913118887926582 30.011355632712
5521 0.09148838250885273 30.49911036025107
5560 0.09162657052257515 30.99951118941544
5599 0.09172009853501911 31.49973070422692
5638 0.09176723440730941 31.99978467689521
5677 0.09176765618725168 32.49970040011129
5716 0.09172277023688666 32.99947855873027
5755 0.09163588300418135 33.49911952530857
5795 0.09150487720770369 34.01143087614859
