0 0.04020900279283524 0
125 0.04291323944926262 0.5000000000000003
250 0.04316975548863411 1.000000000000001
375 0.04377278313040733 1.500000000000001
500 0.04461116716265678 2.000000000000001
625 0.04537542164325714 2.500000000000002
750 0.0459829680621624 3.000000000000002
875 0.04639973863959312 3.500000000000003
1000 0.04664362594485283 4.000000000000003
1125 0.04674819856882095 4.499999999999948
1250 0.04676144570112228 4.999999999999893
1375 0.04674224182963371 5.499999999999837
1500 0.04672094434499741 5.999999999999782
1625 0.04501001164317131 6.499999999999727
1750 0.0447845496237278 6.999999999999672
1875 0.09275760501623154 7.499999999999617
2000 0.1359019726514816 7.999999999999562
2125 0.1407742202281952 8.499999999999508
2250 0.1345454901456833 8.999999999999453
2375 0.1918546557426453 9.499999999999398
2500 0.2509124875068665 9.999999999999343
2625 0.3116354942321777 10.49999999999929
2750 0.3486055433750153 10.99999999999923
2875 0.367717057466507 11.49999999999918
3000 0.3632471263408661 11.99999999999912
3125 0.3589207530021667 12.49999999999907
3250 0.3510917127132416 12.99999999999901
3375 0.3522385358810425 13.49999999999896
3500 0.3500670790672302 13.9999999999989
3625 0.3387695550918579 14.49999999999885
3750 0.3406460285186768 14.99999999999879
3875 0.3426790237426758 15.49999999999874
4000 0.3386931121349335 15.99999999999868
4125 0.3340776860713959 16.49999999999885
4250 0.3303231596946716 16.99999999999902
4318 0.3224217593669891 17.5036824398883
4375 0.3133823275566101 18.00107806713967
4450 0.3070710599422455 18.5049811449088
4525 0.3042417764663696 19.00329839980429
4580 0.3033025860786438 19.50769250638338
4632 0.2994683980941772 20.00636785538137
4681 0.2956961095333099 20.50328173494986
4727 0.2899547219276428 21.00017272885496
4787 0.2865980863571167 21.50456064908748
4845 0.2829103767871857 22.00535304217292
4897 0.2863201797008514 22.50601966443747
4937 0.2855612933635712 23.00850378455828
4976 0.2770397365093231 23.50317076439037
5015 0.2703371345996857 23.99930924081097
5055 0.2628026008605957 24.50998944047609
5094 0.252888560295105 25.00934859024593
5133 0.2430885434150696 25.50990449649242
5172 0.2331019192934036 26.01136868580425
5210 0.2337288856506348 26.50055235181387
5249 0.2335727214813232 27.00291433906655
5288 0.2313011735677719 27.50497722776058
5327 0.2278957962989807 28.00675212627695
5366 0.2230197638273239 28.50827669750522
5405 0.2183108329772949 29.00954223593446
5444 0.2180355936288834 29.51056176093631
5483 0.2177977859973907 30.011355632712
5521 0.2175427824258804 30.49911036025107
5560 0.2172426134347916 30.99951118941544
5599 0.2168989628553391 31.49973070422692
5638 0.2165011018514633 31.99978467689521
5677 0.2160222381353378 32.49970040011129
5716 0.2154649794101715 32.99947855873027
5755 0.2148338705301285 33.49911952530857
5795 0.2141134887933731 34.01143087614859
