0 0 0
167 3.894259886147944e-45 0.5010000000000003
334 2.694541973143855e-39 1.002000000000001
500 1.105790401772527e-35 1.499999999999983
667 5.692841350923818e-33 2.000999999999965
834 3.709209071742986e-28 2.501999999999984
1000 4.320895492781509e-22 3.000000000000003
1167 3.316558473366451e-16 3.501000000000022
1334 1.976198159719468e-11 4.002000000000041
1500 1.549448089747525e-06 4.50000000000006
1667 0.00610203930838634 5.001000000000078
1834 0.2077830505352714 5.502000000000097
2000 2.806252599048697 6.000000000000116
2167 9.710550556040351 6.501000000000135
2334 14.5522295350899 7.002000000000154
2500 17.9559486772993 7.500000000000173
2667 20.70615183753692 8.001000000000191
2834 22.77328015521682 8.50200000000021
3000 24.29939601666481 9.000000000000229
3167 25.26139767382615 9.501000000000248
3334 25.58243476830349 10.00200000000027
3500 25.33905831630013 10.50000000000029
3667 24.76865426424597 11.0010000000003
3834 24.38819106849803 11.50200000000032
4000 27.02074358068388 12.00000000000034
4167 52.05346694926786 12.50100000000036
4334 101.8308731109564 13.00200000000038
4500 137.2263822502204 13.5000000000004
4667 143.4573666224819 14.00100000000042
4834 140.4042039145868 14.50200000000044
5000 140.5764833279548 15.00000000000046
5167 148.6413760087055 15.50100000000048
5334 163.6097139783341 16.00200000000049
5500 177.7559276473351 16.50000000000051
5667 191.7436417847506 17.00100000000053
5834 211.8653902885844 17.50200000000055
6000 239.5777926313127 18.00000000000057
6167 270.710227576896 18.50100000000059
6334 300.761028334015 19.00200000000061
6500 327.5584800336187 19.50000000000063
6667 350.8107477516311 20.00100000000064
6834 370.5424480963989 20.50200000000066
7000 387.4983318847013 21.00000000000068
7167 402.4864966234468 21.5010000000007
7334 415.6549603043736 22.00200000000072
7500 427.2051312521648 22.50000000000074
7667 437.3973599527677 23.00100000000076
7834 446.1972223826059 23.50200000000078
8000 453.7074219027317 24.0000000000008
8167 460.1167311842572 24.50100000000081
8304 465.4737613196554 25.00000000000078
8404 469.8610325891823 25.50000000000068
8504 473.4185583275622 26.00000000000058
8604 476.1907081035688 26.50000000000048
8704 478.0719271195211 27.00000000000038
8804 478.992996519958 27.50000000000028
8904 478.822495887785 28.00000000000018
9004 477.4003032126066 28.50000000000009
9104 474.600130612494 28.99999999999999
9204 470.3837433872129 29.49999999999989
9304 464.8331204738691 29.99999999999979
9404 458.0866227701614 30.49999999999969
9504 450.2793880395296 30.99999999999959
9604 441.5284561866369 31.49999999999949
9704 431.9273676910159 31.99999999999939
9804 421.5623060655388 32.49999999999964
9904 410.5107151520286 32.9999999999999
9954 398.8502686360212 33.4999999999998
10004 386.6596029384332 33.9999999999997
10054 374.0019246605374 34.4999999999996
10104 360.945136144579 34.9999999999995
10154 347.6304574140142 35.4999999999994
10204 334.2213003009312 35.9999999999993
10254 320.8750037995393 36.4999999999992
10304 307.730490746999 36.9999999999991
10343 294.8405701888715 37.49999999999908
10368 282.1861994630237 37.99999999999916
10393 269.7668634427556 38.49999999999924
10418 257.5955948296246 38.99999999999932
10443 245.6960045538715 39.4999999999994
10468 234.0880240118435 39.99999999999947
