0 0 0
100 6.990173823690743e-45 0.5000000000000003
200 3.518344181506586e-39 1.000000000000001
300 1.2580464355071e-35 1.49999999999999
400 5.21511606087541e-33 1.999999999999979
500 9.773669383221002e-31 2.499999999999969
600 5.340063628747378e-28 2.999999999999958
700 2.717323187727274e-25 3.499999999999948
800 1.020411397006431e-22 3.999999999999937
900 4.637515093471607e-20 4.499999999999926
1000 2.515400902141003e-17 4.999999999999916
1100 8.848192396567103e-15 5.499999999999905
1200 1.155035673520723e-12 5.999999999999894
1300 1.087635105018508e-10 6.499999999999884
1400 2.620306498229847e-08 6.999999999999873
1500 3.8202366268705e-06 7.499999999999862
1600 0.000212911978014496 7.999999999999852
1700 0.008102140749428168 8.499999999999929
1800 0.06732012921230261 9.000000000000007
1900 0.2288682769913023 9.500000000000085
2000 0.6962878165730036 10.00000000000016
2100 1.823047391850118 10.50000000000024
2200 3.360058167239715 11.00000000000032
2300 4.430550686738545 11.5000000000004
2400 4.723752706072363 12.00000000000048
2500 4.545130640508505 12.50000000000055
2600 4.211870279753878 13.00000000000063
2700 3.910100279759215 13.50000000000071
2800 3.738105189060872 14.00000000000079
2900 3.735974869024703 14.50000000000087
3000 3.874517992592691 15.00000000000095
3100 4.094444460210766 15.50000000000102
3200 4.348815086514334 16.0000000000011
3300 4.60043245351815 16.500000000001
3400 4.837111632655912 17.0000000000009
3500 5.080655630801049 17.5000000000008
3600 5.370788937780121 18.0000000000007
3700 5.780383919262615 18.5000000000006
3800 6.443898795142224 19.0000000000005
3900 7.656269628792344 19.50000000000041
4000 10.28779529449495 20.00000000000031
4100 17.5798213389653 20.50000000000021
4200 33.41730356042086 21.00000000000011
4300 52.40431877737331 21.50000000000001
4400 68.8204499218435 21.99999999999991
4500 79.12691680307807 22.49999999999981
4600 81.54842721117691 22.99999999999971
4700 79.1237313359623 23.49999999999961
4800 74.89499838272373 23.99999999999951
4900 69.76566624595546 24.49999999999941
5000 64.57007347283404 24.99999999999931
5100 60.07603565004022 25.49999999999921
5200 56.70166953973136 25.99999999999911
5300 54.45155892218013 26.49999999999901
5400 53.02699352148665 26.99999999999891
5500 52.1430324913093 27.49999999999881
5600 51.58180671969975 27.99999999999871
5700 51.20036599274199 28.49999999999861
5800 50.92306665943497 28.99999999999851
5900 50.7075086652718 29.49999999999842
6000 50.53160574438646 29.99999999999832
6100 50.39621819845465 30.49999999999822
6200 50.3039928491462 30.99999999999812
6300 50.25122433249919 31.49999999999802
6398 50.22508186139494 32.00128472523724
6500 50.21422585249928 32.50192227524439
6602 50.20750446416212 33.00262383061796
6693 50.19583581715751 33.50081501062097
6788 50.1741837877367 34.00030280634576
6888 50.14039625043364 34.50409895915607
6991 50.1001615008036 35.0018584432671
7098 50.06358301531476 35.49993266759224
7209 50.04211763400203 36.00024053299209
7323 50.04931705261568 36.50053793522466
7440 50.09942184608735 37.00301965749946
7558 50.20461835699026 37.5013585381756
7678 50.37772375068046 38.0021287801236
7799 50.62935450788956 38.50323714274463
7911 50.96640620979779 39.00061665109097
8023 51.40343698489851 39.50049685709164
8135 51.94927144509 40
