0 0 0
100 1.09868260369223e-92 0.5000000000000003
200 1.050373580577496e-84 1.000000000000001
300 2.939802023118893e-79 1.49999999999999
400 5.106946848072929e-75 1.999999999999979
500 1.593224603948407e-71 2.499999999999969
600 1.518909111394868e-68 2.999999999999958
700 6.445862114576645e-66 3.499999999999948
800 1.714032851637547e-63 3.999999999999937
900 7.323816941723776e-61 4.499999999999926
1000 6.620214403780355e-58 4.999999999999916
1100 4.458175435123295e-55 5.499999999999905
1200 1.994730303170125e-52 5.999999999999894
1300 8.972796457089796e-50 6.499999999999884
1400 7.890250945270646e-47 6.999999999999873
1500 8.268512308845599e-44 7.499999999999862
1600 5.477124459834579e-41 7.999999999999852
1700 2.210128014567541e-38 8.499999999999929
1800 5.906475458888174e-36 9.000000000000007
1900 1.200145474213216e-33 9.500000000000085
2000 2.118847524440798e-31 10.00000000000016
2100 3.195664220294015e-29 10.50000000000024
2200 4.387349010262927e-27 11.00000000000032
2300 9.996936787169887e-25 11.5000000000004
2400 3.88503693761459e-22 12.00000000000048
2500 1.056891012134458e-19 12.50000000000055
2600 2.175449519375241e-17 13.00000000000063
2700 4.877684953198773e-15 13.50000000000071
2800 4.960486485302989e-12 14.00000000000079
2900 4.406559599589822e-07 14.50000000000087
3000 0.001213292852025393 15.00000000000095
3100 0.04129262016332359 15.50000000000102
3200 0.1607395399385322 16.0000000000011
3300 0.5478345855809622 16.500000000001
3400 1.389184217352295 17.0000000000009
3500 3.181318340278853 17.5000000000008
3600 8.258433779289499 18.0000000000007
3700 23.7511102968679 18.5000000000006
3800 63.72002665801988 19.0000000000005
3900 144.6289657469967 19.50000000000041
4000 280.302640367089 20.00000000000031
4100 477.73240476012 20.50000000000021
4200 735.3359649848345 21.00000000000011
4300 1044.974720973244 21.50000000000001
4400 1395.399406668522 21.99999999999991
4500 1774.186714829912 22.49999999999981
4600 2168.880236743043 22.99999999999971
4700 2568.146620249418 23.49999999999961
4800 2962.947858375826 23.99999999999951
4900 3346.441350135347 24.49999999999941
5000 3713.591977946265 24.99999999999931
5100 4060.797998963154 25.49999999999921
5200 4385.770156963999 25.99999999999911
5300 4687.089393295724 26.49999999999901
5400 4963.987836273617 26.99999999999891
5500 5216.217571884894 27.49999999999881
5600 5444.104714380581 27.99999999999871
5700 5648.35912431378 28.49999999999861
5800 5830.02912246059 28.99999999999851
5900 5990.465499992206 29.49999999999842
6000 6131.201545522519 29.99999999999832
6100 6253.908621392044 30.49999999999822
6200 6360.195249689961 30.99999999999812
6300 6451.317353412526 31.49999999999802
6398 6528.747386678419 32.00128472523724
6500 6593.455506852493 32.50192227524439
6602 6646.87615339405 33.00262383061796
6693 6689.840869233693 33.50081501062097
6788 6723.668572148175 34.00030280634576
6888 6749.108736786508 34.50409895915607
6991 6766.294300127284 35.0018584432671
7098 6776.045786372675 35.49993266759224
7209 6778.530988709159 36.00024053299209
7323 6773.597415508289 36.50053793522466
7440 6761.116653895213 37.00301965749946
7558 6741.037810638407 37.5013585381756
7678 6712.421010359303 38.0021287801236
7799 6674.428697242727 38.50323714274463
7911 6626.820782839704 39.00061665109097
8023 6568.769889395922 39.50049685709164
8135 6500.720668560297 40
