0 0.005507404029720794 0
139 0.005563142574153494 0.5003999999999993
278 0.005558413202536709 1.000800000000006
417 0.005569365327699501 1.501200000000013
556 0.005588331505412839 2.001600000000019
695 0.005600678231488897 2.502000000000026
834 0.005585097710086464 3.002400000000032
973 0.00550202856844827 3.502800000000039
1112 0.005303109848900316 4.003200000000045
1250 0.005097162020967485 4.49999999999999
1389 0.005025719609880539 5.000399999999935
1528 0.004988439940771481 5.50079999999988
1667 0.006280328430336692 6.001199999999825
1806 0.006526254685258757 6.50159999999977
1945 0.006823303234268041 7.001999999999715
2084 0.007138991038135525 7.50239999999966
2223 0.007372500837707626 8.002799999999604
2362 0.007613411730816308 8.503199999999673
2500 0.007867251364530566 8.999999999999741
2639 0.008152504779915417 9.500399999999809
2778 0.009653527915983135 10.00079999999988
2917 0.0101132044418094 10.50119999999995
3056 0.01099134226609153 11.00160000000001
3195 0.01254033514270528 11.50200000000008
3334 0.01298022480016371 12.00240000000015
3473 0.0124027052579905 12.50280000000022
3612 0.01171707963962895 13.00320000000029
3750 0.01117641193844751 13.50000000000036
3889 0.01090033835338263 14.00040000000042
4028 0.0109006052946999 14.50080000000049
4167 0.01109610550611739 15.00120000000056
4306 0.01140157509958623 15.50160000000063
4445 0.01181069769164199 16.0020000000007
4584 0.01207673638809755 16.50240000000052
4723 0.01234603527767179 17.00280000000034
4862 0.01264923398846684 17.50320000000016
5000 0.01298878427613088 17.99999999999998
5139 0.01344993149087181 18.5003999999998
5278 0.01400974150400613 19.00079999999963
5417 0.01451868173350115 19.50119999999945
5556 0.01495234133672565 20.00159999999927
5695 0.01527721959541643 20.50199999999909
5825 0.01545800541140084 20.99985111181167
5895 0.01563122253921985 21.50116548705422
5972 0.01572672478440079 22.00507424197538
6034 0.01577747020197252 22.50152360968293
6082 0.01580930329695835 23.0040114485364
6121 0.01582067733919943 23.50136673379536
6160 0.0158115656061771 24.00029796636229
6199 0.01577348720135061 24.50049025822238
6238 0.01570126263047342 25.00203545776396
6277 0.01562781749301135 25.50460156441698
6316 0.01553777011862426 26.00709880474482
6355 0.01543389446421973 26.50924046564359
6394 0.01531896379185219 27.01105840449204
6432 0.01520128910498051 27.49974653424463
6471 0.01507871026104863 28.00103961293847
6510 0.01495556976470531 28.50207993591786
6549 0.01483094588790225 29.00287486115705
6588 0.01470546139531309 29.50342885875317
6627 0.0145810662544364 30.00376041460901
6666 0.01445994247762572 30.50388467646145
6705 0.01434391491527099 31.0038040725514
6744 0.01423400288822696 31.50354072159525
6783 0.01412921501519942 32.0031284145634
6822 0.01402794314529363 32.50262632060617
6861 0.01392946296564091 33.00202988796895
6900 0.01383421548219907 33.50131412161807
6939 0.01374224574450546 34.00045367231559
