0 0.04020900279283524 0
139 0.04291354864835739 0.5003999999999993
278 0.04317471012473106 1.000800000000006
417 0.04376727715134621 1.501200000000013
556 0.04459598660469055 2.001600000000019
695 0.04536233097314835 2.502000000000026
834 0.04599707573652267 3.002400000000032
973 0.04639946296811104 3.502800000000039
1112 0.04659559205174446 4.003200000000045
1250 0.04663244262337685 4.49999999999999
1389 0.04661872610449791 5.000399999999935
1528 0.04660424962639809 5.50079999999988
1667 0.04562487453222275 6.001199999999825
1806 0.04539654776453972 6.50159999999977
1945 0.04515361040830612 7.001999999999715
2084 0.1151196733117104 7.50239999999966
2223 0.1342210918664932 8.002799999999604
2362 0.1318259090185165 8.503199999999673
2500 0.1760197877883911 8.999999999999741
2639 0.241406261920929 9.500399999999809
2778 0.2915315330028534 10.00079999999988
2917 0.3629527688026428 10.50119999999995
3056 0.3843271434307098 11.00160000000001
3195 0.3991503119468689 11.50200000000008
3334 0.3928256332874298 12.00240000000015
3473 0.3907881081104279 12.50280000000022
3612 0.3878918290138245 13.00320000000029
3750 0.3816910982131958 13.50000000000036
3889 0.3784523904323578 14.00040000000042
4028 0.3773425817489624 14.50080000000049
4167 0.377051442861557 15.00120000000056
4306 0.378603994846344 15.50160000000063
4445 0.3745982348918915 16.0020000000007
4584 0.3670376539230347 16.50240000000052
4723 0.3663122057914734 17.00280000000034
4862 0.3601900339126587 17.50320000000016
5000 0.3513366878032684 17.99999999999998
5139 0.3446518778800964 18.5003999999998
5278 0.3354205191135406 19.00079999999963
5417 0.3330456912517548 19.50119999999945
5556 0.336176335811615 20.00159999999927
5695 0.3326744735240936 20.50199999999909
5825 0.3263743817806244 20.99985111181167
5895 0.3287506997585297 21.50116548705422
5972 0.3187078237533569 22.00507424197538
6034 0.3158303499221802 22.50152360968293
6082 0.3129177689552307 23.0040114485364
6121 0.3117661476135254 23.50136673379536
6160 0.3125364482402802 24.00029796636229
6199 0.3134443163871765 24.50049025822238
6238 0.3121713399887085 25.00203545776396
6277 0.3092879354953766 25.50460156441698
6316 0.3042080402374268 26.00709880474482
6355 0.297028511762619 26.50924046564359
6394 0.2884316444396973 27.01105840449204
6432 0.2833912074565887 27.49974653424463
6471 0.2766427397727966 28.00103961293847
6510 0.2686260044574738 28.50207993591786
6549 0.2590919435024261 29.00287486115705
6588 0.2573376297950745 29.50342885875317
6627 0.2572764754295349 30.00376041460901
6666 0.2572966516017914 30.50388467646145
6705 0.2571289837360382 31.0038040725514
6744 0.2568080127239227 31.50354072159525
6783 0.2563272416591644 32.0031284145634
6822 0.2556464076042175 32.50262632060617
6861 0.2546977400779724 33.00202988796895
6900 0.2533974349498749 33.50131412161807
6939 0.2517321705818176 34.00045367231559
