0 0.02379149610483105 0
139 0.02430605424998866 0.5003999999999993
278 0.02431842489105867 1.000800000000006
417 0.0243382101704446 1.501200000000013
556 0.02436134535895734 2.001600000000019
695 0.02439011116446974 2.502000000000026
834 0.02442978854075997 3.002400000000032
973 0.02446820531164137 3.502800000000039
1112 0.02449774186839385 4.003200000000045
1250 0.02451409316053691 4.49999999999999
1389 0.02450958923144978 5.000399999999935
1528 0.02448022681142153 5.50079999999988
1667 0.02428624356784625 6.001199999999825
1806 0.02415506596643044 6.50159999999977
1945 0.02393869153780245 7.001999999999715
2084 0.0266294262616552 7.50239999999966
2223 0.02965819372370377 8.002799999999604
2362 0.03135737951061492 8.503199999999673
2500 0.03283355437835307 8.999999999999741
2639 0.03598574114973016 9.500399999999809
2778 0.04552827606065252 10.00079999999988
2917 0.05097311963098647 10.50119999999995
3056 0.05750410669031487 11.00160000000001
3195 0.06384486419370136 11.50200000000008
3334 0.06995015399977129 12.00240000000015
3473 0.07532309342683226 12.50280000000022
3612 0.07969117986369892 13.00320000000029
3750 0.08341796467937913 13.50000000000036
3889 0.08631672252110036 14.00040000000042
4028 0.088003834163602 14.50080000000049
4167 0.08901497508754853 15.00120000000056
4306 0.08956498687842751 15.50160000000063
4445 0.08995685049493007 16.0020000000007
4584 0.09011398632793848 16.50240000000052
4723 0.09019750342635688 17.00280000000034
4862 0.0902391017176003 17.50320000000016
5000 0.09023089231776391 17.99999999999998
5139 0.09009486037479518 18.5003999999998
5278 0.08979313486632559 19.00079999999963
5417 0.08942210198104791 19.50119999999945
5556 0.08904151199686136 20.00159999999927
5695 0.08866296234022657 20.50199999999909
5825 0.08838952365671264 20.99985111181167
5895 0.08798515641753391 21.50116548705422
5972 0.08764538828263653 22.00507424197538
6034 0.0873816488279746 22.50152360968293
6082 0.08718342712461627 23.0040114485364
6121 0.0870555862512789 23.50136673379536
6160 0.08698811023892153 24.00029796636229
6199 0.08696353381644034 24.50049025822238
6238 0.08695901188845973 25.00203545776396
6277 0.08695240842124793 25.50460156441698
6316 0.08693636764098796 26.00709880474482
6355 0.08690594748903008 26.50924046564359
6394 0.08686213843070135 27.01105840449204
6432 0.08680836807678377 27.49974653424463
6471 0.08674225133773952 28.00103961293847
6510 0.08666576651572502 28.50207993591786
6549 0.08658077660732125 29.00287486115705
6588 0.08648690011917094 29.50342885875317
6627 0.08638389996894347 30.00376041460901
6666 0.08627208181218109 30.50388467646145
6705 0.08615127828167367 31.0038040725514
6744 0.0860184680584971 31.50354072159525
6783 0.0858708968704071 32.0031284145634
6822 0.08570749316409979 32.50262632060617
6861 0.08552756147960296 33.00202988796895
6900 0.08532832357123099 33.50131412161807
6939 0.08510699475593003 34.00045367231559
