0 0.005507404029720792 0
100 0.005562452046323888 0.5000000000000003
200 0.005555535269480286 1.000000000000001
300 0.005562433505937337 1.49999999999999
400 0.005574087190414244 1.999999999999979
500 0.005578489267817845 2.499999999999969
600 0.005564753889654523 2.999999999999958
700 0.005518409380943474 3.499999999999948
800 0.005428643527059131 3.999999999999937
900 0.005290269115549858 4.499999999999926
1000 0.005120683720060955 4.999999999999916
1100 0.004934502434783775 5.499999999999905
1200 0.004794341176404367 5.999999999999894
1300 0.004705484508156036 6.499999999999884
1400 0.004662249711046133 6.999999999999873
1500 0.004769318941447325 7.499999999999862
1600 0.005008484865233883 7.999999999999852
1700 0.005366041941889233 8.499999999999929
1800 0.005814095615183001 9.000000000000007
1900 0.006193023112762121 9.500000000000085
2000 0.006554238173283307 10.00000000000016
2100 0.007072542598046285 10.50000000000024
2200 0.007695865571762597 11.00000000000032
2300 0.008513512476086817 11.5000000000004
2400 0.009551043081015368 12.00000000000048
2500 0.01052847480144958 12.50000000000055
2600 0.0114357538608107 13.00000000000063
2700 0.01257644686649396 13.50000000000071
2800 0.01386940018175563 14.00000000000079
2900 0.01462706329206235 14.50000000000087
3000 0.01482885092720826 15.00000000000095
3100 0.01466005180826947 15.50000000000102
3200 0.01439499548057084 16.0000000000011
3300 0.01411785371896451 16.500000000001
3400 0.01390828190771102 17.0000000000009
3500 0.0138078300922513 17.5000000000008
3600 0.01378086269729933 18.0000000000007
3700 0.01382161057761866 18.5000000000006
3800 0.01397863805982862 19.0000000000005
3900 0.0142048778849422 19.50000000000041
4000 0.01443332925822907 20.00000000000031
4100 0.01469994945832417 20.50000000000021
4200 0.01512579953625589 21.00000000000011
4300 0.0155957282061322 21.50000000000001
4400 0.01600077924970911 21.99999999999991
4500 0.01632728163090345 22.49999999999981
4600 0.01651138587821629 22.99999999999971
4700 0.01657099844377478 23.49999999999961
4800 0.01657755829410762 23.99999999999951
4900 0.01655396973260826 24.49999999999941
5000 0.01650194605424845 24.99999999999931
5096 0.01643285430611551 25.49977062868832
5191 0.01635660738517118 26.00905015400095
5276 0.01629316218483836 26.50001323001145
5347 0.01621182766511001 27.00240259735207
5441 0.0160300089327811 27.99878395197616
5480 0.01594213009064591 28.50142397476879
5519 0.01587357946720776 29.00368705472583
5558 0.01580251089511646 29.50566536258472
5597 0.01573009845851973 30.00739359754752
5636 0.01565756845143239 30.50887620442902
5675 0.01558580117254483 31.01011489348216
5714 0.01551775835873201 31.51112085291961
5752 0.01545742244804506 31.99907064954348
5791 0.01540197364615152 32.4996612096955
5830 0.01535148775623701 33.00007665384987
5869 0.01530345071241523 33.50033866264391
5908 0.0152555240143389 34
