0 0.03368496522307396 0
100 0.03475013375282288 0.5000000000000003
200 0.03754395991563797 1.000000000000001
300 0.03921940177679062 1.49999999999999
400 0.03852205350995064 1.999999999999979
500 0.0368928462266922 2.499999999999969
600 0.03549490496516228 2.999999999999958
700 0.03478606417775154 3.499999999999948
800 0.03473655879497528 3.999999999999937
900 0.03388519212603569 4.499999999999926
1000 0.03258621692657471 4.999999999999916
1100 0.03304455429315567 5.499999999999905
1200 0.03304966911673546 5.999999999999894
1300 0.03263672068715096 6.499999999999884
1400 0.03163028508424759 6.999999999999873
1500 0.03244224935770035 7.499999999999862
1600 0.0455886647105217 7.999999999999852
1700 0.06371060758829117 8.499999999999929
1800 0.07918719202280045 9.000000000000007
1900 0.08790896087884903 9.500000000000085
2000 0.09222432971000671 10.00000000000016
2100 0.09598920494318008 10.50000000000024
2200 0.1018230095505714 11.00000000000032
2300 0.1057692840695381 11.5000000000004
2400 0.1164134591817856 12.00000000000048
2500 0.1133953928947449 12.50000000000055
2600 0.1198427304625511 13.00000000000063
2700 0.1196136698126793 13.50000000000071
2800 0.1144586503505707 14.00000000000079
2900 0.1101682931184769 14.50000000000087
3000 0.1047228053212166 15.00000000000095
3100 0.09237987548112869 15.50000000000102
3200 0.08704301714897156 16.0000000000011
3300 0.08576223254203796 16.500000000001
3400 0.08486755192279816 17.0000000000009
3500 0.08463405817747116 17.5000000000008
3600 0.08786343038082123 18.0000000000007
3700 0.0984051451086998 18.5000000000006
3800 0.1169777065515518 19.0000000000005
3900 0.1349918693304062 19.50000000000041
4000 0.1466211974620819 20.00000000000031
4100 0.1535743474960327 20.50000000000021
4200 0.1644434928894043 21.00000000000011
4300 0.1663962602615356 21.50000000000001
4400 0.1628112196922302 21.99999999999991
4500 0.1588013917207718 22.49999999999981
4600 0.1581212729215622 22.99999999999971
4700 0.1601156294345856 23.49999999999961
4800 0.1559564173221588 23.99999999999951
4900 0.1511708199977875 24.49999999999941
5000 0.1431491672992706 24.99999999999931
5096 0.1325101256370544 25.49977062868832
5191 0.1225420236587524 26.00905015400095
5276 0.115333154797554 26.50001323001145
5347 0.1078255772590637 27.00240259735207
5441 0.100523479282856 27.99878395197616
5480 0.1031964346766472 28.50142397476879
5519 0.1052470207214355 29.00368705472583
5558 0.1070631146430969 29.50566536258472
5597 0.1085030883550644 30.00739359754752
5636 0.1095597594976425 30.50887620442902
5675 0.1102101504802704 31.01011489348216
5714 0.110457219183445 31.51112085291961
5752 0.1103020235896111 31.99907064954348
5791 0.1098360642790794 32.4996612096955
5830 0.109115868806839 33.00007665384987
5869 0.1079589799046516 33.50033866264391
5908 0.1063603609800339 34
