0 0.02379149610483105 0
100 0.02430525092550182 0.5000000000000003
200 0.02431652632259797 1.000000000000001
300 0.02433486360803964 1.49999999999999
400 0.0243577124028142 1.999999999999979
500 0.02438239457544387 2.499999999999969
600 0.02441214341028981 2.999999999999958
700 0.02444469101465312 3.499999999999948
800 0.02447643477585819 3.999999999999937
900 0.02450144742470513 4.499999999999926
1000 0.02451858945068711 4.999999999999916
1100 0.02453079614988943 5.499999999999905
1200 0.02453750508759134 5.999999999999894
1300 0.02453822392702404 6.499999999999884
1400 0.02452825380053815 6.999999999999873
1500 0.0244910027554028 7.499999999999862
1600 0.02439019286128811 7.999999999999852
1700 0.02417141437455514 8.499999999999929
1800 0.02549893740248364 9.000000000000007
1900 0.02918100086647055 9.500000000000085
2000 0.03087861076859267 10.00000000000016
2100 0.03167137947730049 10.50000000000024
2200 0.03207642199650878 11.00000000000032
2300 0.03304817958195129 11.5000000000004
2400 0.03539990287141423 12.00000000000048
2500 0.03858511871978967 12.50000000000055
2600 0.04216619043700963 13.00000000000063
2700 0.04598822874314414 13.50000000000071
2800 0.0499758901574242 14.00000000000079
2900 0.05415772251479502 14.50000000000087
3000 0.05850156973661781 15.00000000000095
3100 0.06258197795860353 15.50000000000102
3200 0.06624841110219679 16.0000000000011
3300 0.06958963299029382 16.500000000001
3400 0.07261969556031361 17.0000000000009
3500 0.07523137486783435 17.5000000000008
3600 0.07757442855457275 18.0000000000007
3700 0.07957031527634589 18.5000000000006
3800 0.0815203644530758 19.0000000000005
3900 0.08293967695883314 19.50000000000041
4000 0.08390110839398605 20.00000000000031
4100 0.08474872639028939 20.50000000000021
4200 0.08583334894984046 21.00000000000011
4300 0.08684986073558996 21.50000000000001
4400 0.08760209139458978 21.99999999999991
4500 0.08818767968744956 22.49999999999981
4600 0.08869168406439239 22.99999999999971
4700 0.08915957203526041 23.49999999999961
4800 0.0896180783515873 23.99999999999951
4900 0.09007552275277668 24.49999999999941
5000 0.09052610022800289 24.99999999999931
5096 0.09095813948257493 25.49977062868832
5191 0.09135537433031303 26.00905015400095
5276 0.09164645124547388 26.50001323001145
5347 0.09195599273956902 27.00240259735207
5441 0.09258314580246882 27.99878395197616
5480 0.09286779005780124 28.50142397476879
5519 0.09307531263033027 29.00368705472583
5558 0.0932715154459039 29.50566536258472
5597 0.09345193352031249 30.00739359754752
5636 0.09361218605420026 30.50887620442902
5675 0.09374746678741407 31.01011489348216
5714 0.09385670702437679 31.51112085291961
5752 0.09393804701725884 31.99907064954348
5791 0.09399491566035618 32.4996612096955
5830 0.09402504091723715 33.00007665384987
5869 0.09402881225315095 33.50033866264391
5908 0.09400579309750229 34
