0 0.03368496522307396 0
125 0.0348074808716774 0.5000000000000003
250 0.03780530765652657 1.000000000000001
375 0.03965481743216515 1.500000000000001
500 0.03871037811040878 2.000000000000001
625 0.03675482049584389 2.500000000000002
750 0.0352787971496582 3.000000000000002
875 0.03480697795748711 3.500000000000003
1000 0.03390837833285332 4.000000000000003
1125 0.0333038866519928 4.499999999999948
1250 0.03317832574248314 4.999999999999893
1375 0.03404828161001205 5.499999999999837
1500 0.03301246464252472 5.999999999999782
1625 0.08485338091850281 6.499999999999727
1750 0.09413542598485947 6.999999999999672
1875 0.1002309247851372 7.499999999999617
2000 0.1028010025620461 7.999999999999562
2125 0.1033045500516891 8.499999999999508
2250 0.1057727485895157 8.999999999999453
2375 0.1059125438332558 9.499999999999398
2500 0.09304647892713547 9.999999999999343
2625 0.09246938675642014 10.49999999999929
2750 0.09460000693798065 10.99999999999923
2875 0.08953384310007095 11.49999999999918
3000 0.08741188794374466 11.99999999999912
3125 0.07987333089113235 12.49999999999907
3250 0.08235261589288712 12.99999999999901
3375 0.07300457358360291 13.49999999999896
3500 0.06602862477302551 13.9999999999989
3625 0.06561652570962906 14.49999999999885
3750 0.06067522987723351 14.99999999999879
3875 0.0601205974817276 15.49999999999874
4000 0.06421486288309097 15.99999999999868
4125 0.08126330375671387 16.49999999999885
4250 0.09700495004653931 16.99999999999902
4318 0.1224057823419571 17.5036824398883
4375 0.1390388309955597 18.00107806713967
4450 0.1384904384613037 18.5049811449088
4525 0.1379846781492233 19.00329839980429
4580 0.1394120007753372 19.50769250638338
4632 0.1446826606988907 20.00636785538137
4681 0.1354076713323593 20.50328173494986
4727 0.1251891702413559 21.00017272885496
4787 0.1211329996585846 21.50456064908748
4845 0.113249734044075 22.00535304217292
4897 0.104769304394722 22.50601966443747
4937 0.09634245932102203 23.00850378455828
4976 0.09439339488744736 23.50317076439037
5015 0.09456398338079453 23.99930924081097
5055 0.09427483379840851 24.50998944047609
5094 0.09338443726301193 25.00934859024593
5133 0.09194722026586533 25.50990449649242
5172 0.08983814716339111 26.01136868580425
5210 0.0871824324131012 26.50055235181387
5249 0.08406761288642883 27.00291433906655
5288 0.08171059191226959 27.50497722776058
5327 0.08116380125284195 28.00675212627695
5366 0.08060372620820999 28.50827669750522
5405 0.08019914478063583 29.00954223593446
5444 0.08038021624088287 29.51056176093631
5483 0.08037642389535904 30.011355632712
5521 0.0801442563533783 30.49911036025107
5560 0.07958682626485825 30.99951118941544
5599 0.07871749252080917 31.49973070422692
5638 0.07761768996715546 31.99978467689521
5677 0.0762895867228508 32.49970040011129
5716 0.07475241273641586 32.99947855873027
5755 0.07300963997840881 33.49911952530857
5795 0.07210761308670044 34.01143087614859
