0 0.03368496522307396 0
139 0.03492895513772964 0.5003999999999993
278 0.03811009973287582 1.000800000000006
417 0.03974344581365585 1.501200000000013
556 0.03852495923638344 2.001600000000019
695 0.03670597448945045 2.502000000000026
834 0.03554479032754898 3.002400000000032
973 0.03497909381985664 3.502800000000039
1112 0.0339164212346077 4.003200000000045
1250 0.03347589448094368 4.49999999999999
1389 0.03374087810516357 5.000399999999935
1528 0.0339629054069519 5.50079999999988
1667 0.07383224368095398 6.001199999999825
1806 0.07867058366537094 6.50159999999977
1945 0.08443919569253922 7.001999999999715
2084 0.08844448626041412 7.50239999999966
2223 0.09051726758480072 8.002799999999604
2362 0.09183964878320694 8.503199999999673
2500 0.09242475777864456 8.999999999999741
2639 0.09151307493448257 9.500399999999809
2778 0.07904773205518723 10.00079999999988
2917 0.07766599953174591 10.50119999999995
3056 0.07373204827308655 11.00160000000001
3195 0.07625197619199753 11.50200000000008
3334 0.07263541966676712 12.00240000000015
3473 0.06766962260007858 12.50280000000022
3612 0.0654364600777626 13.00320000000029
3750 0.06165317818522453 13.50000000000036
3889 0.05778111517429352 14.00040000000042
4028 0.05685219913721085 14.50080000000049
4167 0.05482523143291473 15.00120000000056
4306 0.06218515709042549 15.50160000000063
4445 0.07404040545225143 16.0020000000007
4584 0.08265627175569534 16.50240000000052
4723 0.09329872578382492 17.00280000000034
4862 0.1125936135649681 17.50320000000016
5000 0.1289783120155334 17.99999999999998
5139 0.1408646106719971 18.5003999999998
5278 0.1430618166923523 19.00079999999963
5417 0.1442963033914566 19.50119999999945
5556 0.1459961086511612 20.00159999999927
5695 0.1417787820100784 20.50199999999909
5825 0.1400123536586761 20.99985111181167
5895 0.1375610381364822 21.50116548705422
5972 0.1355470567941666 22.00507424197538
6034 0.1334284394979477 22.50152360968293
6082 0.1295429021120071 23.0040114485364
6121 0.1241019517183304 23.50136673379536
6160 0.1178561002016068 24.00029796636229
6199 0.1105491444468498 24.50049025822238
6238 0.1032874956727028 25.00203545776396
6277 0.1023758798837662 25.50460156441698
6316 0.1017284914851189 26.00709880474482
6355 0.1004481166601181 26.50924046564359
6394 0.09860286116600037 27.01105840449204
6432 0.0963205099105835 27.49974653424463
6471 0.09344803541898727 28.00103961293847
6510 0.08997683972120285 28.50207993591786
6549 0.08833064138889313 29.00287486115705
6588 0.08841865509748459 29.50342885875317
6627 0.08824688196182251 30.00376041460901
6666 0.0876334086060524 30.50388467646145
6705 0.08660826832056046 31.0038040725514
6744 0.08526848256587982 31.50354072159525
6783 0.08498791605234146 32.0031284145634
6822 0.08578474074602127 32.50262632060617
6861 0.08606014400720596 33.00202988796895
6900 0.08663046360015869 33.50131412161807
6939 0.08684562891721725 34.00045367231559
