0 0.04020900279283524 0
100 0.04291560500860214 0.5000000000000003
200 0.04317426308989525 1.000000000000001
300 0.04377446323633194 1.49999999999999
400 0.04460107535123825 1.999999999999979
500 0.04530984535813332 2.499999999999969
600 0.04589297622442245 2.999999999999958
700 0.04629925638437271 3.499999999999948
800 0.04654968157410622 3.999999999999937
900 0.0466497614979744 4.499999999999926
1000 0.04665327817201614 4.999999999999916
1100 0.04660702869296074 5.499999999999905
1200 0.04657220840454102 5.999999999999894
1300 0.04661381617188454 6.499999999999884
1400 0.04663559794425964 6.999999999999873
1500 0.04661451652646065 7.499999999999862
1600 0.04657576978206635 7.999999999999852
1700 0.04640224203467369 8.499999999999929
1800 0.08697863668203354 9.000000000000007
1900 0.1315931081771851 9.500000000000085
2000 0.1377515196800232 10.00000000000016
2100 0.1311728358268738 10.50000000000024
2200 0.1452293992042542 11.00000000000032
2300 0.179613009095192 11.5000000000004
2400 0.2062411457300186 12.00000000000048
2500 0.2480413317680359 12.50000000000055
2600 0.2713935971260071 13.00000000000063
2700 0.2638895809650421 13.50000000000071
2800 0.2639136612415314 14.00000000000079
2900 0.2930700778961182 14.50000000000087
3000 0.2602939009666443 15.00000000000095
3100 0.2562034130096436 15.50000000000102
3200 0.2450255900621414 16.0000000000011
3300 0.2411524653434753 16.500000000001
3400 0.238905593752861 17.0000000000009
3500 0.2365045249462128 17.5000000000008
3600 0.2375355809926987 18.0000000000007
3700 0.2361083775758743 18.5000000000006
3800 0.231598749756813 19.0000000000005
3900 0.229483500123024 19.50000000000041
4000 0.2283172458410263 20.00000000000031
4100 0.2275382280349731 20.50000000000021
4200 0.225124716758728 21.00000000000011
4300 0.2247661948204041 21.50000000000001
4400 0.2253012210130692 21.99999999999991
4500 0.2255773693323135 22.49999999999981
4600 0.226646289229393 22.99999999999971
4700 0.2265424877405167 23.49999999999961
4800 0.2258170694112778 23.99999999999951
4900 0.224813386797905 24.49999999999941
5000 0.224456250667572 24.99999999999931
5096 0.2238329946994781 25.49977062868832
5191 0.2236463576555252 26.00905015400095
5276 0.2232020795345306 26.50001323001145
5347 0.2229823619127274 27.00240259735207
5441 0.2243984639644623 27.99878395197616
5480 0.2233959287405014 28.50142397476879
5519 0.2215647548437119 29.00368705472583
5558 0.2192042320966721 29.50566536258472
5597 0.2189991772174835 30.00739359754752
5636 0.21871417760849 30.50887620442902
5675 0.2182522863149643 31.01011489348216
5714 0.2176936715841293 31.51112085291961
5752 0.2170497924089432 31.99907064954348
5791 0.2161667048931122 32.4996612096955
5830 0.2149853259325027 33.00007665384987
5869 0.2134030908346176 33.50033866264391
5908 0.2129207998514175 34
